
iters 10000000
chi2_convergence_criteria 0.000001                                                   
do_errors
no_LIMIT_warnings
r_exp  4.27850754 r_exp_dash  5.2072287 r_wp  8.60223929 r_wp_dash  10.4694983 r_p  7.07364091 r_p_dash  9.37061603 weighted_Durbin_Watson  0.354016889 gof  2.01057009



xdd 11bm_BaTiO3.xye
	r_exp  4.27850754 r_exp_dash  5.2072287 r_wp  8.60223929 r_wp_dash  10.4694983 r_p  7.07364091 r_p_dash  9.37061603 weighted_Durbin_Watson  0.354016889 gof  2.01057009
	x_calculation_step 0.0005
	range 1
	bkg @  115.897945`_2.09752797 -6.14569457`_2.23946353 -5.86138405`_1.38696339 -8.47730161`_0.60730758  5.26449139`_0.45805836
	start_X  4
	LP_Factor( 90)
	One_on_X(@, 0.00010`_29.27381)
	Zero_Error(@, -0.00333`_0.00005)
	Rp 5000
	Rs 1000
	Simple_Axial_Model( 2)
	lam
		ymin_on_ymax  0.0001
		la  1 lo  0.413157 lh  0.0001
          prm !packing_density  0.50 min 0.1 max 1.0 
          prm !capdia 0.8 'capillary diameter in mm
          prm !linab = Get(mixture_MAC) Get(mixture_density_g_on_cm3);:  41.54952`_0.00064
          prm muR  = (capdia/20)*linab*packing_density;:  0.83099`_0.00001
          Cylindrical_I_Correction(muR)	           ' capillary linear absorption
		
		
		
	str 
		LVol_FWHM_CS_G_L( 1, 50.21983`_0.42327, 0.89, 64.38253`_0.62192,@, 153.79972`_3.31231,@, 94.33277`_0.79255)
		e0_from_Strain( 0.00073`_0.00001,@, 0.20189`_0.00218,@, 0.20929`_0.00200)
		phase_name "P4mm"
		space_group P4mm
		scale @  0.002
		Tetragonal(@  4.005, @  4.015)
		site Ba num_posns  1 x  0.0 y 0.0 z   0.000 occ Ba  1  beq  beqBa   0.5  
		site Ti num_posns  1 x  0.5 y 0.5 z @ 0.530 occ Ti  1  beq  beqTi   0.5 min 0.05 max 1
		site O1 num_posns  1 x  0.5 y 0.5 z @ 0.005 occ O   1  beq  beqO    0.5
		site O2 num_posns  2 x  0.0 y 0.5 z @ 0.495 occ O   1  beq  beqO    0.5
		
		
		
		
		
C_matrix_normalized
{
                             1   2   3   4   5   6   7   8   9  10  11  12  13  14  15  16  17  18  19  20
bkg49082928            1:  100 -95  97 -85  85 -99  -0  -0  -0  -7  -4  -1  -0   3  -4  -0 -13  16  -8  12
bkg49081904            2:  -95 100 -92  93 -77  98   0  -1   1  13  11  -4   7  -2   7  -1  18 -25  14 -22
bkg49084464            3:   97 -92 100 -79  89 -96  -1  -0  -1  -8 -12  -3   1   4  -7   1 -17  23 -15  21
bkg49082672            4:  -85  93 -79 100 -63  89   0  -1   1   3   4  -3   4  -2   4  -0  15 -19  13 -18
bkg49080880            5:   85 -77  89 -63 100 -83   0   1  -1  -3  -2   2  -4   5  -6  -1  -6   8  -5   7
m5cee6774_161          6:  -99  98 -96  89 -83 100   0  -0   1   9   8  -1   3  -3   5  -1  15 -20  11 -17
m5cee6774_166          7:   -0   0  -1   0   0   0 100  52  36   0   5   7  -6  -3   0   3   0  -2  -3  -2
a43211936_             8:   -0  -1  -0  -1   1  -0  52 100 -52   2  11  17 -16  -2  -2   0   0   1  25   2
c43212336_             9:   -0   1  -1   1  -1   1  36 -52 100  -2  -6 -10  10  -1   2   2   0  -3 -30  -5
scale129987640_       10:   -7  13  -8   3  -3   9   0   2  -2 100  54   6   2   4  12  -5  17 -23   8 -17
beq202981024_         11:   -4  11 -12   4  -2   8   5  11  -6  54 100  59 -54   1   3 -12  23 -39  33 -43
z181417456_           12:   -1  -4  -3  -3   2  -1   7  17 -10   6  59 100 -94 -10  -9  -7   4  -1  10  -2
beq203034576_         13:   -0   7   1   4  -4   3  -6 -16  10   2 -54 -94 100   7  14   5   0  -5  -6  -4
z181418104_           14:    3  -2   4  -2   5  -3  -3  -2  -1   4   1 -10   7 100 -52 -49  -2   2  -2   3
beqO                  15:   -4   7  -7   4  -6   5   0  -2   2  12   3  -9  14 -52 100  21   7 -13   8 -15
z181418752_           16:   -0  -1   1  -0  -1  -1   3   0   2  -5 -12  -7   5 -49  21 100  -1   2  -3   4
m5cee6774_162         17:  -13  18 -17  15  -6  15   0   0   0  17  23   4   0  -2   7  -1 100 -78  69 -66
m5cee6774_163         18:   16 -25  23 -19   8 -20  -2   1  -3 -23 -39  -1  -5   2 -13   2 -78 100 -69  93
m5cee6774_164         19:   -8  14 -15  13  -5  11  -3  25 -30   8  33  10  -6  -2   8  -3  69 -69 100 -78
m5cee6774_165         20:   12 -22  21 -18   7 -17  -2   2  -5 -17 -43  -2  -4   3 -15   4 -66  93 -78 100
}